1671201429878 0.0383237786591053 0
1671201429941 0.009535718709230423 1
1671201430002 0.003436062252148986 2
1671201430064 0.001929412130266428 3
1671201430125 0.0015083571197465062 4
1671201430192 0.0013516864273697138 5
1671201430254 0.001227127038873732 6
1671201430319 0.0010330865625292063 7
1671201430385 0.0011968532344326377 8
1671201430450 0.0011042975820600986 9
1671201430511 0.0008073290227912366 10
1671201430578 0.0009761826368048787 11
1671201430643 0.0009739645756781101 12
1671201430708 0.0009165348601527512 13
1671201430775 0.0010237497044727206 14
1671201430840 0.0010360580636188388 15
1671201430906 0.0013221476692706347 16
1671201430971 0.001117813866585493 17
1671201431036 0.000904644897673279 18
1671201431102 0.0010105562396347523 19
1671201431166 0.0011657204013317823 20
1671201431228 0.0010171262547373772 21
1671201431296 0.0013048873515799642 22
1671201431364 0.0011085767764598131 23
1671201431430 0.0010324831819161773 24
1671201431496 0.0010524011449888349 25
1671201431568 0.000990378437563777 26
1671201431635 0.0009771798504516482 27
1671201431701 0.0011371299624443054 28
1671201431768 0.0010820763418450952 29
1671201431832 0.0012112254044041038 30
1671201431899 0.0008848056895658374 31
1671201431964 0.0009340592660009861 32
1671201432028 0.0008497688686475158 33
1671201432091 0.0007928177365101874 34
1671201432154 0.0012639538617804646 35
1671201432219 0.0009673325112089515 36
1671201432287 0.0009416129905730486 37
1671201432354 0.0010034951847046614 38
1671201432420 0.0012221806682646275 39
1671201432484 0.0010195286013185978 40
1671201432550 0.0010259200353175402 41
1671201432617 0.000848696508910507 42
1671201432684 0.0009090073290280998 43
1671201432752 0.001023273216560483 44
1671201432814 0.001048095291480422 45
1671201432875 0.000783287629019469 46
1671201432936 0.0009402967989444733 47
1671201432998 0.0010408801026642323 48
1671201433058 0.0009194823796860874 49
