1671201978876 0.12757842242717743 0
1671201979149 0.10055941343307495 1
1671201979288 0.022566253319382668 2
1671201979378 0.008482811041176319 3
1671201979467 0.0049706874415278435 4
1671201979556 0.0031460579484701157 5
1671201979646 0.002198929898440838 6
1671201979733 0.0015155451837927103 7
1671201979822 0.0014330099802464247 8
1671201979913 0.0011332151480019093 9
1671201980000 0.0009947912767529488 10
1671201980092 0.0008592210942879319 11
1671201980181 0.0008390893926844001 12
1671201980269 0.0009298812365159392 13
1671201980362 0.0008571493090130389 14
1671201980451 0.000966702529694885 15
1671201980542 0.0009972057305276394 16
1671201980633 0.0010780877200886607 17
1671201980721 0.00082453089999035 18
1671201980812 0.0009897699346765876 19
1671201980903 0.0008426396525464952 20
1671201980992 0.0009901098674163222 21
1671201981080 0.0008406614069826901 22
1671201981171 0.0007758368155919015 23
1671201981260 0.0007754811667837203 24
1671201981349 0.0007057316252030432 25
1671201981444 0.0007332743844017386 26
1671201981537 0.0007619906682521105 27
1671201981634 0.0007034422596916556 28
1671201981726 0.000614488439168781 29
1671201981816 0.0006179913762025535 30
1671201981907 0.0006141437334008515 31
1671201981995 0.0006980493199080229 32
1671201982085 0.0006308997981250286 33
1671201982177 0.0006371653289534152 34
1671201982268 0.000691679771989584 35
1671201982358 0.0007431273115798831 36
1671201982446 0.0006166771636344492 37
1671201982537 0.0006442635785788298 38
1671201982629 0.0006192189175635576 39
1671201982720 0.0005785889807157218 40
1671201982807 0.0006615646416321397 41
1671201982896 0.0006276483763940632 42
1671201982984 0.0006441239966079593 43
1671201983074 0.0007400504546239972 44
1671201983163 0.0006223917007446289 45
1671201983252 0.0005769534036517143 46
1671201983343 0.0006906543276272714 47
1671201983435 0.0008663506014272571 48
1671201983524 0.0007573504699394107 49
