1671202110012 0.07741810381412506 0
1671202110200 0.015746403485536575 1
1671202110367 0.012820527888834476 2
1671202110489 0.005159096792340279 3
1671202110590 0.0033319643698632717 4
1671202110690 0.0017112669302150607 5
1671202110791 0.0015919781289994717 6
1671202110890 0.001077716937288642 7
1671202110990 0.0010219475952908397 8
1671202111089 0.0009209902491420507 9
1671202111186 0.0009583767387084663 10
1671202111283 0.0009269710863009095 11
1671202111380 0.0008573128143325448 12
1671202111480 0.0009255712502636015 13
1671202111579 0.0008793329470790923 14
1671202111682 0.000996087328530848 15
1671202111784 0.0010734910611063242 16
1671202111888 0.0011160419089719653 17
1671202111990 0.001129682525061071 18
1671202112090 0.0010766172781586647 19
1671202112185 0.0010097178164869547 20
1671202112281 0.0008313691359944642 21
1671202112379 0.0008726906380616128 22
1671202112475 0.0008676181896589696 23
1671202112573 0.0008137690019793808 24
1671202112669 0.0007271351641975343 25
1671202112763 0.0008318749023601413 26
1671202112857 0.0008301289053633809 27
1671202112950 0.0008154409588314593 28
1671202113042 0.0006851006764918566 29
1671202113136 0.0007320519653148949 30
1671202113231 0.0007695946260355413 31
1671202113326 0.0007770454976707697 32
1671202113422 0.0007575057679787278 33
1671202113518 0.0006872481317259371 34
1671202113612 0.0007438850007019937 35
1671202113709 0.0007827260997146368 36
1671202113805 0.0007397811277769506 37
1671202113900 0.0007509359274990857 38
1671202113996 0.0006960423197597265 39
1671202114092 0.0006616311729885638 40
1671202114187 0.0008450824534520507 41
1671202114280 0.0008548118057660758 42
1671202114378 0.000628684472758323 43
1671202114474 0.000617853831499815 44
1671202114572 0.0005967208417132497 45
1671202114668 0.000520996400155127 46
1671202114764 0.0006172798457555473 47
1671202114860 0.0008369263377971947 48
1671202114955 0.0008027288131415844 49
1671202115051 0.0005795523175038397 50
1671202115146 0.0004948405548930168 51
1671202115240 0.0005636106361635029 52
1671202115335 0.0006384282605722547 53
1671202115431 0.0007740595610812306 54
1671202115525 0.0006453446112573147 55
1671202115620 0.0006830343045294285 56
1671202115714 0.0005063258577138186 57
1671202115809 0.0005116256070323288 58
1671202115904 0.0008011400350369513 59
1671202115998 0.0008904316346161067 60
1671202116092 0.0008211336680687964 61
1671202116188 0.0008324640220962465 62
1671202116283 0.0007300343713723123 63
1671202116378 0.0006667146808467805 64
1671202116475 0.0005439823144115508 65
1671202116574 0.0007352640386670828 66
1671202116669 0.0005833975737914443 67
1671202116763 0.0005383598036132753 68
1671202116856 0.0005656153662130237 69
1671202116952 0.0006519973976537585 70
1671202117046 0.0006616307073272765 71
1671202117140 0.0009496413404121995 72
1671202117236 0.0005852797767147422 73
1671202117331 0.0006844524759799242 74
1671202117426 0.0005187626229599118 75
1671202117520 0.0006745209684595466 76
1671202117615 0.000545515154954046 77
1671202117708 0.0004826446820516139 78
1671202117803 0.0005562992300838232 79
