1671201653170 0.05843454226851463 0
1671201653373 0.014972037635743618 1
1671201653484 0.011437850072979927 2
1671201653597 0.003530226880684495 3
1671201653706 0.0022873941343277693 4
1671201653816 0.0013898530742153525 5
1671201653924 0.0011087931925430894 6
1671201654031 0.0008008781005628407 7
1671201654139 0.0007084017852321267 8
1671201654245 0.0006470090011134744 9
1671201654356 0.0006621240172535181 10
1671201654465 0.0006159610929898918 11
1671201654572 0.0006013146485202014 12
1671201654681 0.0006118626333773136 13
1671201654788 0.0006090776296332479 14
1671201654895 0.0006898117135278881 15
1671201655001 0.0006704775732941926 16
1671201655110 0.0007399283349514008 17
1671201655223 0.0006718705990351737 18
1671201655332 0.000606376794166863 19
1671201655439 0.0006208320846781135 20
1671201655546 0.0005960653070360422 21
1671201655652 0.0005666110082529485 22
1671201655760 0.0005448268493637443 23
1671201655868 0.0005345025565475225 24
1671201655977 0.000480945484014228 25
1671201656083 0.0005230612587183714 26
1671201656190 0.0005807116394862533 27
1671201656298 0.0005396619089879096 28
1671201656405 0.0004834344144910574 29
1671201656514 0.0005057971575297415 30
1671201656621 0.000480756105389446 31
1671201656729 0.0005155482213012874 32
1671201656835 0.0004928031703457236 33
1671201656941 0.000461843388620764 34
1671201657047 0.0004801044415216893 35
1671201657154 0.0004730411455966532 36
1671201657260 0.0004551475285552442 37
1671201657370 0.0004579882661346346 38
1671201657476 0.00043013779213652015 39
1671201657585 0.0004452968714758754 40
1671201657692 0.00047059592907316983 41
1671201657801 0.0004819580353796482 42
1671201657907 0.00045844854321330786 43
1671201658015 0.00040795403765514493 44
1671201658122 0.0004078019119333476 45
1671201658229 0.00034962318022735417 46
1671201658337 0.00042413370101712644 47
