1670070574386 0.04459966719150543 0
1670070574493 0.012566130608320236 1
1670070574601 0.0067634060978889465 2
1670070574684 0.0031357300467789173 3
1670070574760 0.0032840215135365725 4
1670070574845 0.001883215387351811 5
1670070574921 0.001571493106894195 6
1670070574996 0.0012232873123139143 7
1670070575069 0.0011249389499425888 8
1670070575146 0.0011822216911241412 9
1670070575219 0.0012252075830474496 10
1670070575293 0.0012124455533921719 11
1670070575367 0.0011934909271076322 12
1670070575438 0.0012490798253566027 13
1670070575510 0.001005925820209086 14
1670070575588 0.0009139566100202501 15
1670070575667 0.0010023905197158456 16
1670070575742 0.0010446321684867144 17
1670070575814 0.0009169891709461808 18
1670070575887 0.0009766501607373357 19
1670070575960 0.0009616388706490397 20
1670070576030 0.0011079683899879456 21
1670070576106 0.0010637539671733975 22
1670070576177 0.0009217418264597654 23
1670070576248 0.0009088605875149369 24
1670070576319 0.0009457638370804489 25
1670070576390 0.001186502049677074 26
1670070576461 0.0010270972270518541 27
1670070576534 0.0011271535186097026 28
1670070576604 0.0011437690118327737 29
1670070576676 0.0012771559413522482 30
1670070576747 0.0010703030275180936 31
1670070576818 0.0012395987287163734 32
1670070576888 0.0009026181069202721 33
1670070576958 0.0011547934263944626 34
1670070577029 0.0009595826850272715 35
1670070577101 0.0011163665913045406 36
1670070577170 0.0011625067563727498 37
1670070577241 0.0010922536021098495 38
1670070577311 0.0011039479868486524 39
1670070577382 0.0009738022927194834 40
1670070577453 0.001070621539838612 41
1670070577525 0.0011202775640413165 42
1670070577595 0.0012933191610500216 43
1670070577667 0.0009419049602001905 44
1670070577739 0.0009358246461488307 45
1670070577809 0.0010484757367521524 46
1670070577879 0.001093751983717084 47
1670070577952 0.0010062498040497303 48
1670070578022 0.0010532994056120515 49
1670070578090 0.0012293669860810041 50
1670070578160 0.000972445763181895 51
1670070578229 0.0009213451994583011 52
1670070578300 0.0009088809601962566 53
1670070578371 0.0008544806623831391 54
1670070578440 0.000854864192660898 55
1670070578509 0.0009810429764911532 56
1670070578578 0.0009115730645135045 57
1670070578650 0.0009588694665580988 58
1670070578719 0.0008821415831334889 59
