1670438301853 0.03989535942673683 0
1670438301960 0.0064478591084480286 1
1670438302064 0.005075444933027029 2
1670438302176 0.002684566657990217 3
1670438302287 0.002214333275333047 4
1670438302393 0.0015113598201423883 5
1670438302498 0.0015771492617204785 6
1670438302604 0.001141285290941596 7
1670438302711 0.0011163987219333649 8
1670438302816 0.000907286477740854 9
1670438302928 0.0007659617112949491 10
1670438303042 0.000936725817155093 11
1670438303153 0.0009312651236541569 12
1670438303268 0.0008494931389577687 13
1670438303380 0.0009373553330078721 14
1670438303489 0.0009431752841919661 15
1670438303596 0.0012650031130760908 16
1670438303703 0.001188876572996378 17
1670438303811 0.000869224953930825 18
1670438303918 0.0008948054746724665 19
1670438304028 0.001074280240572989 20
1670438304138 0.0009853215888142586 21
1670438304248 0.0012757619842886925 22
1670438304357 0.0011326652020215988 23
1670438304466 0.0010810316307470202 24
1670438304576 0.0009657464106567204 25
1670438304745 0.0009665898978710175 26
1670438304852 0.0008353355224244297 27
1670438304965 0.0009989968966692686 28
1670438305098 0.0009349413448944688 29
1670438305229 0.0010598254157230258 30
1670438305360 0.0008179227006621659 31
1670438305498 0.0008760515484027565 32
1670438305619 0.0008299677865579724 33
1670438305746 0.0008140151621773839 34
1670438305925 0.0012463636230677366 35
1670438306125 0.000940814963541925 36
1670438306333 0.0008511838386766613 37
1670438306540 0.0009940259624272585 38
1670438306727 0.0011823049280792475 39
1670438306971 0.0010583640541881323 40
1670438307258 0.0011179893044754863 41
1670438307618 0.0008731869165785611 42
1670438307778 0.0008546807221136987 43
1670438307941 0.0010342220775783062 44
1670438308093 0.001022698124870658 45
1670438308206 0.0007301945006474853 46
1670438308317 0.0008370460127480328 47
1670438308430 0.0009352894849143922 48
1670438308538 0.0008056853548623621 49
1670438308645 0.0007891778950579464 50
1670438308755 0.0007689110352657735 51
1670438308863 0.0007908389088697731 52
1670438308970 0.0008493317873217165 53
1670438309075 0.000923706335015595 54
1670438309182 0.0009373577195219696 55
1670438309286 0.0007129149162210524 56
1670438309391 0.0008481807308271527 57
1670438309498 0.0009328089654445648 58
1670438309603 0.0009322864352725446 59
