1671203564195 0.07958869636058807 0
1671203564400 0.017945196479558945 1
1671203564549 0.007744601462036371 2
1671203564691 0.004543761257082224 3
1671203564828 0.003105751471593976 4
1671203564966 0.0018139416351914406 5
1671203565100 0.0015337318181991577 6
1671203565232 0.0013780702138319612 7
1671203565366 0.001370306359604001 8
1671203565500 0.0010734916431829333 9
1671203565635 0.0009738171356730163 10
1671203565772 0.0009871846996247768 11
1671203565911 0.0008567567565478384 12
1671203566057 0.0009202101500704885 13
1671203566202 0.0008714374271221459 14
1671203566350 0.0009630133281461895 15
1671203566498 0.0011596078984439373 16
1671203566646 0.0011547941248863935 17
1671203566782 0.0009308084263466299 18
1671203566916 0.0010368931107223034 19
1671203567054 0.0009454493992961943 20
1671203567196 0.0009396761888638139 21
1671203567331 0.0008404151885770261 22
1671203567467 0.0007863565115258098 23
1671203567600 0.0007756610866636038 24
1671203567737 0.000664577994029969 25
1671203567871 0.0008854108164086938 26
1671203568003 0.0007775294361636043 27
1671203568137 0.0007804622291587293 28
1671203568268 0.0006781178526580334 29
1671203568402 0.0006428640917874873 30
1671203568535 0.0006878427229821682 31
1671203568671 0.0007475031306967139 32
1671203568812 0.0007223269785754383 33
1671203568949 0.0007345754420384765 34
1671203569085 0.0007349330116994679 35
1671203569223 0.0007115020998753607 36
1671203569357 0.0007389673264697194 37
1671203569492 0.0007267140899784863 38
1671203569628 0.0006460777367465198 39
1671203569770 0.0006858548731543124 40
1671203569908 0.0007409065146930516 41
1671203570041 0.0006637388723902404 42
1671203570174 0.0006402878207154572 43
1671203570307 0.0006089149392209947 44
1671203570440 0.0006070752278901637 45
1671203570574 0.0005075950175523758 46
1671203570706 0.0006500143208540976 47
1671203570839 0.0009565913933329284 48
1671203570972 0.0008046736475080252 49
1671203571105 0.0006140744080767035 50
1671203571236 0.0005498487153090537 51
1671203571369 0.0005849781446158886 52
1671203571500 0.0006233657477423549 53
1671203571634 0.000713164743501693 54
1671203571766 0.0007217243546620011 55
1671203571899 0.0008106899913400412 56
1671203572031 0.0005800369544886053 57
1671203572161 0.0005187320639379323 58
1671203572294 0.0006395819946192205 59
1671203572430 0.0007573724142275751 60
1671203572565 0.0007446229574270546 61
1671203572700 0.0007363363984040916 62
1671203572833 0.0006953361444175243 63
1671203572965 0.0005826687556691468 64
1671203573098 0.0005559427081607282 65
1671203573231 0.0006739331874996424 66
1671203573364 0.0005895280628465116 67
1671203573496 0.0005070256302133203 68
1671203573628 0.0005501515115611255 69
1671203573760 0.0006091223331168294 70
1671203573893 0.0006454368121922016 71
1671203574025 0.000974027207121253 72
1671203574157 0.0006521971081383526 73
1671203574294 0.0006221870426088572 74
1671203574430 0.0004824611824005842 75
1671203574564 0.000658047734759748 76
1671203574696 0.0006944577326066792 77
1671203574828 0.0005581157165579498 78
1671203574963 0.000518003711476922 79
