1671201661684 0.08552170544862747 0
1671201661835 0.08306753635406494 1
1671201661952 0.030781714245676994 2
1671201662067 0.009833356365561485 3
1671201662182 0.003915925044566393 4
1671201662293 0.003381987800821662 5
1671201662405 0.0018259914359077811 6
1671201662519 0.0013942716177552938 7
1671201662628 0.0013621182879433036 8
1671201662734 0.0009444462484680116 9
1671201662843 0.0006994960131123662 10
1671201662949 0.0006438651471398771 11
1671201663056 0.0006165993981994689 12
1671201663161 0.000635160889942199 13
1671201663269 0.0006172310677357018 14
1671201663380 0.0006642205989919603 15
1671201663488 0.0006238225032575428 16
1671201663598 0.0006795154185965657 17
1671201663706 0.0005897789960727096 18
1671201663813 0.000608294561970979 19
1671201663920 0.0005769871058873832 20
1671201664026 0.0005982600268907845 21
1671201664133 0.0005500303814187646 22
1671201664239 0.0005022072582505643 23
1671201664348 0.0005183853209018707 24
1671201664456 0.0004558497457765043 25
1671201664564 0.0005177244893275201 26
1671201664672 0.000515748979523778 27
1671201664779 0.0004737366398330778 28
1671201664885 0.0004306310147512704 29
1671201664991 0.00042770846630446613 30
1671201665098 0.00042703250073827803 31
1671201665205 0.0004986629937775433 32
1671201665312 0.0004490652645472437 33
1671201665419 0.0004323839384596795 34
1671201665529 0.0004651432391256094 35
1671201665637 0.0005030313041061163 36
1671201665744 0.0004285992472432554 37
1671201665853 0.00045558286365121603 38
1671201665959 0.00042942780419252813 39
1671201666065 0.0003997039166279137 40
1671201666174 0.0004782216274179518 41
1671201666282 0.00047120681847445667 42
1671201666389 0.0004454615118447691 43
1671201666496 0.00048527319449931383 44
1671201666604 0.00041428409167565405 45
1671201666710 0.0003854331444017589 46
1671201666816 0.00041286495979875326 47
1671201666923 0.0005173570243641734 48
1671201667030 0.00047003384679555893 49
