1670438269701 0.03832376375794411 0
1670438269930 0.009535709396004677 1
1670438270071 0.0034360960125923157 2
1670438270209 0.0019294554367661476 3
1670438270306 0.0015083490870893002 4
1670438270405 0.0013516938779503107 5
1670438270502 0.0012271396117284894 6
1670438270592 0.0010330977384001017 7
1670438270684 0.0011968761682510376 8
1670438270775 0.0011043193517252803 9
1670438270863 0.0008073271019384265 10
1670438270953 0.0009761868859641254 11
1670438271040 0.0009739775559864938 12
1670438271127 0.0009165334049612284 13
1670438271217 0.0010237538954243064 14
1670438271304 0.0010360898450016975 15
1670438271389 0.0013221421977505088 16
1670438271477 0.0011177753331139684 17
1670438271565 0.0009046814520843327 18
1670438271651 0.0010106214322149754 19
1670438271745 0.0011656819842755795 20
1670438271838 0.001017081900499761 21
1670438271930 0.0013048943364992738 22
1670438272022 0.001108549884520471 23
1670438272110 0.0010324702598154545 24
1670438272198 0.0010524388635531068 25
1670438272288 0.0009903660975396633 26
1670438272376 0.000977181363850832 27
1670438272462 0.0011370801366865635 28
1670438272552 0.001082048867829144 29
1670438272645 0.0012112850090488791 30
1670438272734 0.0008848278666846454 31
1670438272824 0.0009340338874608278 32
1670438272914 0.0008497638045810163 33
1670438273004 0.0007927712285891175 34
1670438273098 0.0012639418710023165 35
1670438273192 0.0009672449086792767 36
1670438273280 0.0009416401153430343 37
1670438273366 0.001003446988761425 38
1670438273456 0.0012222412042319775 39
1670438273547 0.0010195625945925713 40
1670438273636 0.001026043202728033 41
1670438273723 0.0008487720042467117 42
1670438273813 0.0009090092498809099 43
1670438273904 0.001023357966914773 44
1670438273996 0.001048157806508243 45
1670438274083 0.000783274881541729 46
1670438274174 0.0009403403964824975 47
1670438274266 0.0010409578680992126 48
1670438274356 0.0009196070022881031 49
1670438274444 0.0008708702516742051 50
1670438274530 0.000779196503572166 51
1670438274620 0.000799193512648344 52
1670438274707 0.000831176177598536 53
1670438274793 0.0009671259904280305 54
1670438274884 0.0009348081657662988 55
1670438274975 0.0007333421963267028 56
1670438275066 0.000914142990950495 57
1670438275154 0.0010199617827311158 58
1670438275239 0.0009325112914666533 59
