1671201841096 0.05698145925998688 0
1671201841223 0.0138432951644063 1
1671201841338 0.005675103049725294 2
1671201841423 0.002630343195050955 3
1671201841511 0.0023538130335509777 4
1671201841599 0.0019277299288660288 5
1671201841685 0.0018722510430961847 6
1671201841770 0.001634162967093289 7
1671201841857 0.0018784207059070468 8
1671201841944 0.0017293633427470922 9
1671201842039 0.0012247443664819002 10
1671201842132 0.001501745660789311 11
1671201842220 0.0014846185222268105 12
1671201842309 0.0013737835688516498 13
1671201842401 0.0015366837615147233 14
1671201842496 0.001555421738885343 15
1671201842582 0.0019314923556521535 16
1671201842666 0.0016284063458442688 17
1671201842750 0.001383198075927794 18
1671201842834 0.001547331688925624 19
1671201842917 0.0017996815731748939 20
1671201843003 0.001541142468340695 21
1671201843085 0.0019584507681429386 22
1671201843166 0.0016108263516798615 23
1671201843249 0.0015098083531484008 24
1671201843331 0.0015527649084106088 25
1671201843412 0.0014774407027289271 26
1671201843492 0.0015197894535958767 27
1671201843572 0.001712242141366005 28
1671201843653 0.0016273376531898975 29
1671201843733 0.0018290348816663027 30
1671201843816 0.0013079933123663068 31
1671201843901 0.0014086782466620207 32
1671201843985 0.0012879801215603948 33
1671201844069 0.0011972161009907722 34
1671201844150 0.0018779430538415909 35
1671201844230 0.0014850316802039742 36
1671201844311 0.0014250545063987374 37
1671201844392 0.0015027000335976481 38
1671201844473 0.0018382429843768477 39
1671201844553 0.0014915885403752327 40
1671201844633 0.0014725136570632458 41
1671201844712 0.001236990443430841 42
1671201844792 0.0013693409273400903 43
1671201844872 0.0015337025979533792 44
1671201844953 0.00157111044973135 45
1671201845031 0.001182107487693429 46
1671201845110 0.0014160481514409184 47
1671201845188 0.0015710961306467652 48
1671201845265 0.0013780794106423855 49
