1671201229044 0.07953830808401108 0
1671201229245 0.014496009796857834 1
1671201229381 0.007433669175952673 2
1671201229515 0.002088789362460375 3
1671201229610 0.0014916423242539167 4
1671201229692 0.0011880130041390657 5
1671201229773 0.0007816310971975327 6
1671201229855 0.0007414075080305338 7
1671201229937 0.0007613887428306043 8
1671201230017 0.0006384470034390688 9
1671201230097 0.0006745324353687465 10
1671201230179 0.0007609602180309594 11
1671201230257 0.000615834491327405 12
1671201230340 0.0006410061032511294 13
1671201230421 0.0006709196022711694 14
1671201230502 0.0006999966572038829 15
1671201230584 0.0007169217569753528 16
1671201230663 0.000707026629243046 17
1671201230745 0.0006213748711161315 18
1671201230825 0.0005316604510881007 19
1671201230906 0.0006311339093372226 20
1671201230988 0.0006853259401395917 21
1671201231068 0.0005903788842260838 22
1671201231151 0.0006901241140440106 23
1671201231229 0.0005621614982374012 24
1671201231311 0.0006286826101131737 25
1671201231395 0.0006519401213154197 26
1671201231480 0.0006288739386945963 27
1671201231566 0.0006456871051341295 28
1671201231649 0.0005213302210904658 29
1671201231732 0.0005408081924542785 30
1671201231818 0.0006030137301422656 31
1671201231899 0.0007480657659471035 32
1671201231982 0.0005171027733013034 33
1671201232063 0.0005755440215580165 34
1671201232144 0.0006029102951288223 35
1671201232227 0.0006437248666770756 36
1671201232312 0.0005926000885665417 37
1671201232395 0.00066263327607885 38
1671201232480 0.0007453457219526172 39
1671201232566 0.0006449476932175457 40
1671201232653 0.0008098475518636405 41
1671201232737 0.0008552426006644964 42
1671201232823 0.000879349943716079 43
1671201232909 0.000778102723415941 44
1671201232994 0.0007016710005700588 45
1671201233078 0.0005804628599435091 46
1671201233162 0.0005994579987600446 47
1671201233248 0.0006662483210675418 48
1671201233333 0.0008530431659892201 49
1671201233417 0.0008742600330151618 50
1671201233502 0.0007195835351012647 51
1671201233586 0.0004809877136722207 52
1671201233669 0.0005676949513144791 53
1671201233754 0.0005367716075852513 54
1671201233839 0.0006232535233721137 55
1671201233922 0.0006834131199866533 56
1671201234004 0.0006101579638198018 57
1671201234087 0.0006454202812165022 58
1671201234170 0.0005103806615807116 59
