1671201870033 0.058479443192481995 0
1671201870254 0.010530606843531132 1
1671201870387 0.0066879671066999435 2
1671201870503 0.004444998688995838 3
1671201870612 0.0034159510396420956 4
1671201870720 0.0023883902467787266 5
1671201870823 0.0021242471411824226 6
1671201870931 0.001483852625824511 7
1671201871042 0.0016643640119582415 8
1671201871152 0.0014499390963464975 9
1671201871266 0.0011753676226362586 10
1671201871387 0.001392053090967238 11
1671201871507 0.001387257594615221 12
1671201871619 0.001271466608159244 13
1671201871726 0.0014155274257063866 14
1671201871834 0.0014221634482964873 15
1671201871941 0.001867882558144629 16
1671201872048 0.00170124729629606 17
1671201872155 0.0012799238320440054 18
1671201872259 0.0013738080160692334 19
1671201872364 0.0016708830371499062 20
1671201872471 0.0015011130599305034 21
1671201872582 0.001924589043483138 22
1671201872689 0.0016752115916460752 23
1671201872795 0.0015413661021739244 24
1671201872901 0.0014407808193936944 25
1671201873009 0.001386208925396204 26
1671201873118 0.001269906060770154 27
1671201873228 0.0015442228177562356 28
1671201873338 0.0013954105088487267 29
1671201873451 0.001669070916250348 30
1671201873567 0.0012207260588184 31
1671201873692 0.0013439611066132784 32
1671201873806 0.001306657213717699 33
1671201873919 0.0012562309857457876 34
1671201874030 0.0018537677824497223 35
1671201874138 0.001515414915047586 36
1671201874248 0.0013335004914551973 37
1671201874359 0.001478681806474924 38
1671201874470 0.0017377504846081138 39
1671201874581 0.0014812307199463248 40
1671201874693 0.0015351312467828393 41
1671201874805 0.0012564359931275249 42
1671201874915 0.0013246441958472133 43
1671201875024 0.0015670188004150987 44
1671201875134 0.001511958078481257 45
1671201875246 0.001100426772609353 46
1671201875357 0.001282825251109898 47
1671201875471 0.0014104001456871629 48
1671201875589 0.0012072004610672593 49
