1670070600187 0.04580521583557129 0
1670070600369 0.009886498562991619 1
1670070600484 0.004862381611019373 2
1670070600580 0.0026145114097744226 3
1670070600673 0.0021601314656436443 4
1670070600764 0.0023313560523092747 5
1670070600855 0.0015501396264880896 6
1670070600948 0.001210567308589816 7
1670070601037 0.0011673487024381757 8
1670070601128 0.0011822322849184275 9
1670070601220 0.0011248427908867598 10
1670070601312 0.0011937952367588878 11
1670070601402 0.0011848571011796594 12
1670070601493 0.0011634520487859845 13
1670070601584 0.0010299066780135036 14
1670070601675 0.000819636567030102 15
1670070601767 0.0009665542747825384 16
1670070601857 0.0009624590747989714 17
1670070601948 0.0009549295646138489 18
1670070602039 0.0010046917013823986 19
1670070602138 0.0009157786844298244 20
1670070602233 0.001073376159183681 21
1670070602330 0.001028885249979794 22
1670070602425 0.0009008273482322693 23
1670070602519 0.0009729974553920329 24
1670070602617 0.0010002990020439029 25
1670070602718 0.0011358391493558884 26
1670070602829 0.0009627612889744341 27
1670070602936 0.0010478022741153836 28
1670070603036 0.0009383329306729138 29
1670070603139 0.0011627315543591976 30
1670070603235 0.0010682007996365428 31
1670070603335 0.0011826627887785435 32
1670070603425 0.0008325726957991719 33
1670070603521 0.0010066431714221835 34
1670070603621 0.000897970690857619 35
1670070603730 0.0009446486365050077 36
1670070603835 0.0010710583301261067 37
1670070603933 0.0011230974923819304 38
1670070604027 0.001119560212828219 39
1670070604125 0.0010126958368346095 40
1670070604223 0.0010293516097590327 41
1670070604318 0.0008836584165692329 42
1670070604421 0.0013613388873636723 43
1670070604536 0.001045630662702024 44
1670070604643 0.0009692007442936301 45
1670070604747 0.0009622650686651468 46
1670070604854 0.0009431744692847133 47
1670070604956 0.0008826116099953651 48
1670070605060 0.0008842617971822619 49
1670070605166 0.0009612991707399487 50
1670070605272 0.0008066369337029755 51
1670070605375 0.0009449127828702331 52
1670070605478 0.0009044350008480251 53
1670070605582 0.0008308525430038571 54
1670070605685 0.0008921714616008103 55
1670070605791 0.0010073125595226884 56
1670070605893 0.0009015075047500432 57
1670070606003 0.0009214757010340691 58
1670070606108 0.0008782240329310298 59
