1671192280228 0.05996539816260338 0
1671192280291 0.017117928713560104 1
1671192280351 0.007999247871339321 2
1671192280413 0.003288171486929059 3
1671192280473 0.002463465789332986 4
1671192280532 0.001832850743085146 5
1671192280593 0.001347873592749238 6
1671192280652 0.0015936734853312373 7
1671192280713 0.0011476563522592187 8
1671192280772 0.0012867016484960914 9
1671192280832 0.0012633793521672487 10
1671192280893 0.0012408531038090587 11
1671192280958 0.0011911946348845959 12
1671192281023 0.0012287653516978025 13
1671192281088 0.0013016309821978211 14
1671192281153 0.001179337501525879 15
1671192281217 0.0013088128762319684 16
1671192281280 0.0012204063823446631 17
1671192281344 0.0011330374982208014 18
1671192281408 0.0011837802594527602 19
1671192281471 0.0011306677479296923 20
1671192281535 0.0011175014078617096 21
1671192281600 0.0009679545182734728 22
1671192281665 0.001000548480078578 23
1671192281729 0.0013080860953778028 24
1671192281792 0.0011087515158578753 25
1671192281857 0.0010003414936363697 26
1671192281922 0.0010494139278307557 27
1671192281988 0.0012493736576288939 28
1671192282054 0.0009833350777626038 29
1671192282119 0.0010526934638619423 30
1671192282184 0.001041391515173018 31
1671192282250 0.0009461203007958829 32
1671192282314 0.001118550542742014 33
1671192282378 0.0011811041040346026 34
1671192282444 0.0009386345045641065 35
1671192282510 0.0011053243651986122 36
1671192282575 0.0011453756596893072 37
1671192282642 0.0012746676802635193 38
1671192282707 0.0011339557822793722 39
1671192282772 0.001103279646486044 40
1671192282837 0.0009121779003180563 41
1671192282905 0.001103610498830676 42
1671192282971 0.0009362981072627008 43
1671192283041 0.000999188981950283 44
1671192283108 0.0009991885162889957 45
1671192283174 0.0010808848310261965 46
1671192283240 0.001027709455229342 47
1671192283307 0.0011249567614868283 48
1671192283394 0.0010094564640894532 49
1671192283482 0.001036904752254486 50
1671192283559 0.0009267512359656394 51
1671192283623 0.0009031816152855754 52
1671192283685 0.000996507122181356 53
1671192283747 0.0009591371053829789 54
1671192283809 0.001026288722641766 55
1671192283874 0.0012595115695148706 56
1671192283939 0.0009783965069800615 57
1671192284005 0.0010723340092226863 58
1671192284069 0.0010441088816151023 59
