1671201971765 0.08823108673095703 0
1671201971980 0.020334774628281593 1
1671201972105 0.017119454219937325 2
1671201972197 0.005681507755070925 3
1671201972287 0.002848972100764513 4
1671201972377 0.001994601683691144 5
1671201972464 0.0017391565488651395 6
1671201972553 0.0011841075029224157 7
1671201972640 0.001114507089368999 8
1671201972730 0.0009775233920663595 9
1671201972817 0.0009670660947449505 10
1671201972908 0.0009160332847386599 11
1671201972994 0.0009085568017326295 12
1671201973084 0.0009161887574009597 13
1671201973173 0.0009146732045337558 14
1671201973259 0.001015656627714634 15
1671201973347 0.0009822112042456865 16
1671201973435 0.0011039151577278972 17
1671201973522 0.0009930621599778533 18
1671201973611 0.0009090644307434559 19
1671201973699 0.0009239921346306801 20
1671201973788 0.0008952233474701643 21
1671201973877 0.0008488379535265267 22
1671201973965 0.0008143999148160219 23
1671201974054 0.000803579983767122 24
1671201974142 0.0007211508927866817 25
1671201974227 0.0007798958686180413 26
1671201974313 0.0008680738392286003 27
1671201974403 0.0008063085260801017 28
1671201974491 0.0007244077860377729 29
1671201974580 0.0007507350528612733 30
1671201974671 0.0007219024701043963 31
1671201974756 0.0007764623733237386 32
1671201974842 0.0007428391254507005 33
1671201974930 0.0006925861816853285 34
1671201975018 0.0007174565107561648 35
1671201975104 0.0007104522082954645 36
1671201975193 0.0006804424920119345 37
1671201975280 0.000680269324220717 38
1671201975370 0.0006397333927452564 39
1671201975458 0.0006702378741465509 40
1671201975547 0.0006962079205550253 41
1671201975636 0.000712938723154366 42
1671201975724 0.0006807629833929241 43
1671201975811 0.0006050388910807669 44
1671201975900 0.0006067047943361104 45
1671201975987 0.0005192406824789941 46
1671201976075 0.000638598226942122 47
