1671203516281 0.07741810381412506 0
1671203516499 0.01574620045721531 1
1671203516622 0.01282013114541769 2
1671203516728 0.005159033928066492 3
1671203516835 0.003332254011183977 4
1671203516936 0.0017113367794081569 5
1671203517040 0.0015920056030154228 6
1671203517145 0.0010776814306154847 7
1671203517253 0.0010220143012702465 8
1671203517354 0.000920965161640197 9
1671203517452 0.0009583489736542106 10
1671203517551 0.0009269654983654618 11
1671203517649 0.0008572674705646932 12
1671203517744 0.0009256140328943729 13
1671203517842 0.000879382889252156 14
1671203517939 0.0009961433243006468 15
1671203518035 0.0010735559044405818 16
1671203518133 0.0011160132708027959 17
1671203518230 0.0011293668067082763 18
1671203518325 0.0010764176258817315 19
1671203518420 0.0010094476165249944 20
1671203518513 0.0008312619756907225 21
1671203518610 0.0008726816158741713 22
1671203518706 0.0008675530552864075 23
1671203518799 0.000813933671452105 24
1671203518896 0.0007271385402418673 25
1671203518993 0.0008321712375618517 26
1671203519087 0.0008300760528072715 27
1671203519183 0.0008153292583301663 28
1671203519279 0.0006851660436950624 29
1671203519374 0.0007319425349123776 30
1671203519468 0.0007695274543948472 31
1671203519560 0.0007769705844111741 32
1671203519654 0.0007574550108984113 33
1671203519747 0.0006872446392662823 34
1671203519840 0.0007437852909788489 35
1671203519934 0.0007824230124242604 36
1671203520029 0.0007396637229248881 37
1671203520124 0.0007509119459427893 38
1671203520216 0.0006958986050449312 39
1671203520309 0.0006613980513066053 40
1671203520403 0.0008445971179753542 41
1671203520496 0.0008546655299142003 42
1671203520589 0.0006287198048084974 43
1671203520683 0.0006176432361826301 44
1671203520780 0.0005963859730400145 45
1671203520874 0.0005209774244576693 46
1671203520968 0.0006173160509206355 47
1671203521062 0.0008370959549210966 48
1671203521158 0.0008027177536860108 49
1671203521250 0.0005795275792479515 50
1671203521344 0.00049477448919788 51
1671203521438 0.0005636381101794541 52
1671203521531 0.0006381249404512346 53
1671203521625 0.0007736632251180708 54
1671203521720 0.0006449529901146889 55
1671203521815 0.0006826912285760045 56
1671203521912 0.0005062790587544441 57
1671203522009 0.0005116711254231632 58
1671203522104 0.0008014937047846615 59
1671203522200 0.0008912342018447816 60
1671203522296 0.0008217526483349502 61
1671203522391 0.0008327760151587427 62
1671203522485 0.0007303973543457687 63
1671203522578 0.0006671626470051706 64
1671203522671 0.0005438445368781686 65
1671203522764 0.0007352268439717591 66
1671203522857 0.0005834123003296554 67
1671203522951 0.0005383365787565708 68
1671203523046 0.0005656126304529607 69
1671203523140 0.0006520025199279189 70
1671203523234 0.000661295372992754 71
1671203523328 0.0009497744613327086 72
1671203523422 0.0005850279121659696 73
1671203523516 0.000684366503264755 74
1671203523609 0.0005186430062167346 75
1671203523703 0.0006744674174115062 76
1671203523798 0.0005455263890326023 77
1671203523893 0.00048249572864733636 78
1671203523990 0.0005564223392866552 79
