1671202164073 0.07958871126174927 0
1671202164210 0.0179451834410429 1
1671202164344 0.0077444883063435555 2
1671202164477 0.004543893504887819 3
1671202164612 0.003105879295617342 4
1671202164746 0.0018139976309612393 5
1671202164879 0.0015337086515501142 6
1671202165012 0.0013780328445136547 7
1671202165147 0.0013702788855880499 8
1671202165279 0.0010735098039731383 9
1671202165413 0.0009737851214595139 10
1671202165547 0.0009872152004390955 11
1671202165682 0.000856794707942754 12
1671202165815 0.0009202315122820437 13
1671202165948 0.0008714438881725073 14
1671202166081 0.0009631381835788488 15
1671202166213 0.001159491715952754 16
1671202166345 0.0011545985471457243 17
1671202166478 0.0009306754218414426 18
1671202166615 0.0010366180213168263 19
1671202166749 0.000945339328609407 20
1671202166884 0.0009395874221809208 21
1671202167016 0.0008404613472521305 22
1671202167152 0.0007863966748118401 23
1671202167285 0.0007756677805446088 24
1671202167419 0.0006645464454777539 25
1671202167556 0.0008855893393047154 26
1671202167691 0.0007775251870043576 27
1671202167830 0.0007804782362654805 28
1671202167965 0.0006779922405257821 29
1671202168101 0.0006428628694266081 30
1671202168236 0.0006878147833049297 31
1671202168370 0.000747540092561394 32
1671202168504 0.0007222163258120418 33
1671202168653 0.000734514556825161 34
1671202168803 0.0007349643856287003 35
1671202168956 0.000711570552084595 36
1671202169104 0.0007389868260361254 37
1671202169269 0.0007267539040185511 38
1671202169417 0.0006460733711719513 39
1671202169579 0.0006859778659418225 40
1671202169706 0.000741000403650105 41
1671202169832 0.0006634294404648244 42
1671202169915 0.0006400815909728408 43
1671202169988 0.0006089615053497255 44
1671202170062 0.0006069750525057316 45
1671202170135 0.0005075312801636755 46
1671202170207 0.0006501832394860685 47
1671202170280 0.000957455369643867 48
1671202170352 0.0008052702760323882 49
1671202170422 0.0006143058417364955 50
1671202170494 0.0005499196122400463 51
1671202170566 0.0005847819265909493 52
1671202170639 0.0006236223271116614 53
1671202170709 0.0007127857534214854 54
1671202170780 0.0007222988060675561 55
1671202170852 0.0008116614772006869 56
1671202170925 0.0005805622786283493 57
1671202170996 0.0005188887589611113 58
1671202171068 0.0006393978837877512 59
1671202171139 0.0007571537862531841 60
1671202171208 0.0007446198724210262 61
1671202171276 0.0007360566523857415 62
1671202171347 0.0006950521492399275 63
1671202171416 0.0005823660176247358 64
1671202171485 0.000555915932636708 65
1671202171555 0.0006736140348948538 66
1671202171627 0.0005894943024031818 67
1671202171699 0.0005069708568044007 68
1671202171774 0.000550235970877111 69
1671202171851 0.0006093840929679573 70
1671202171924 0.000645569758489728 71
1671202171999 0.0009742985130287707 72
1671202172075 0.0006526353536173701 73
1671202172150 0.0006222330848686397 74
1671202172226 0.00048272250569425523 75
1671202172304 0.0006581541965715587 76
1671202172380 0.0006946026696823537 77
1671202172458 0.0005581796285696328 78
1671202172537 0.0005180058651603758 79
