1671201456487 0.03989535942673683 0
1671201456598 0.0064478786662220955 1
1671201456725 0.005075474269688129 2
1671201456832 0.002684560837224126 3
1671201456941 0.0022143488749861717 4
1671201457049 0.001511354697868228 5
1671201457162 0.0015771737089380622 6
1671201457270 0.0011412720195949078 7
1671201457380 0.0011163844028487802 8
1671201457492 0.0009072847315110266 9
1671201457603 0.0007659693947061896 10
1671201457712 0.0009367198217660189 11
1671201457822 0.0009312900947406888 12
1671201457931 0.000849507690872997 13
1671201458038 0.0009373743087053299 14
1671201458146 0.0009432509541511536 15
1671201458257 0.0012650699354708195 16
1671201458364 0.0011888931039720774 17
1671201458476 0.0008692399132996798 18
1671201458588 0.0008948312606662512 19
1671201458695 0.0010743176098912954 20
1671201458804 0.000985317281447351 21
1671201458914 0.0012757163494825363 22
1671201459023 0.0011325618252158165 23
1671201459131 0.0010809848317876458 24
1671201459240 0.0009656898328103125 25
1671201459350 0.0009665717952884734 26
1671201459461 0.0008353060111403465 27
1671201459569 0.0009990312391892076 28
1671201459678 0.0009349177707917988 29
1671201459788 0.001059821923263371 30
1671201459898 0.0008178853895515203 31
1671201460008 0.000876033038366586 32
1671201460117 0.0008299043402075768 33
1671201460225 0.0008139819838106632 34
1671201460333 0.0012463791063055396 35
1671201460444 0.0009407769539393485 36
1671201460553 0.0008512092172168195 37
1671201460662 0.0009940621675923467 38
1671201460770 0.0011823569657281041 39
1671201460878 0.0010584356496110559 40
1671201460986 0.0011181365698575974 41
1671201461095 0.0008732525748200715 42
1671201461201 0.0008546836324967444 43
1671201461311 0.001034224173054099 44
1671201461419 0.0010226869489997625 45
1671201461527 0.0007301876903511584 46
1671201461635 0.0008369970601052046 47
1671201461753 0.0009353254572488368 48
1671201461881 0.0008057319791987538 49
