1671192303767 0.060367245227098465 0
1671192304018 0.01196358259767294 1
1671192304149 0.00629173219203949 2
1671192304244 0.003825341584160924 3
1671192304333 0.002218088833615184 4
1671192304421 0.00204899488016963 5
1671192304509 0.001829964225180447 6
1671192304596 0.001893700915388763 7
1671192304683 0.0016783963656052947 8
1671192304770 0.0015403181314468384 9
1671192304857 0.0013446304947137833 10
1671192304944 0.0012453862000256777 11
1671192305030 0.00118279701564461 12
1671192305116 0.0012685664696618915 13
1671192305203 0.0015223741065710783 14
1671192305291 0.0011815140023827553 15
1671192305376 0.001346267876215279 16
1671192305461 0.001210658811032772 17
1671192305545 0.0011399270733818412 18
1671192305631 0.0011437778593972325 19
1671192305716 0.0010697407415136695 20
1671192305803 0.001096452004276216 21
1671192305890 0.0009371006744913757 22
1671192305979 0.0010412662522867322 23
1671192306065 0.001320221577771008 24
1671192306152 0.0011694399872794747 25
1671192306238 0.001026329817250371 26
1671192306325 0.0010598176158964634 27
1671192306410 0.0012078264262527227 28
1671192306496 0.0012251612497493625 29
1671192306582 0.001103703980334103 30
1671192306668 0.0009983760537579656 31
1671192306755 0.0009914779802784324 32
1671192306844 0.0010475284652784467 33
1671192306930 0.0010960253421217203 34
1671192307016 0.0009304955019615591 35
1671192307104 0.0010898540494963527 36
1671192307191 0.001046272343955934 37
1671192307276 0.0012341472320258617 38
1671192307364 0.0012570398394018412 39
1671192307451 0.0012918213615193963 40
1671192307538 0.0009693894535303116 41
1671192307623 0.001212302828207612 42
1671192307712 0.0009776294464245439 43
1671192307797 0.000950769754126668 44
1671192307883 0.0009930924279615283 45
1671192307968 0.0010618247324600816 46
1671192308058 0.001045196782797575 47
1671192308144 0.0010810606181621552 48
1671192308231 0.0009340021060779691 49
1671192308316 0.0010497914627194405 50
1671192308404 0.000896913290489465 51
1671192308490 0.0008590478100813925 52
1671192308575 0.0009407656616531312 53
1671192308661 0.0009163981885649264 54
1671192308749 0.0010771830566227436 55
1671192308837 0.0013375665294006467 56
1671192308924 0.001025723060593009 57
1671192309011 0.0010028965771198273 58
1671192309096 0.001076701213605702 59
