1671201273413 0.08078938722610474 0
1671201273557 0.013969089835882187 1
1671201273696 0.005530335009098053 2
1671201273834 0.002999178832396865 3
1671201273989 0.0019375348929315805 4
1671201274152 0.0014516842784360051 5
1671201274309 0.0012434568488970399 6
1671201274481 0.0010079368948936462 7
1671201274649 0.0010044288355857134 8
1671201274807 0.0008623759495094419 9
1671201274974 0.0008353554294444621 10
1671201275123 0.0008779462077654898 11
1671201275288 0.0007425156072713435 12
1671201275414 0.000728058279491961 13
1671201275499 0.0007131415186449885 14
1671201275582 0.0007516337791457772 15
1671201275672 0.0007750505465082824 16
1671201275747 0.0008591018849983811 17
1671201275819 0.0006773453787900507 18
1671201275896 0.0005807545967400074 19
1671201275969 0.000687450054101646 20
1671201276044 0.0007324533071368933 21
1671201276119 0.0006049774237908423 22
1671201276192 0.0008101141429506242 23
1671201276265 0.0005377375055104494 24
1671201276342 0.0006303655682131648 25
1671201276415 0.000604198663495481 26
1671201276489 0.0005877458606846631 27
1671201276564 0.0005321471253409982 28
1671201276637 0.0005446794093586504 29
1671201276709 0.0005316910683177412 30
1671201276784 0.0005641605239361525 31
1671201276858 0.000766969402320683 32
1671201276933 0.0005121635622344911 33
1671201277007 0.0005945757729932666 34
1671201277081 0.000595780904404819 35
1671201277158 0.0006958818412385881 36
1671201277234 0.0005810069269500673 37
1671201277312 0.000587315356824547 38
1671201277394 0.0006214476888999343 39
1671201277473 0.0005656253779307008 40
1671201277553 0.000735680980142206 41
1671201277634 0.0008672679541632533 42
1671201277712 0.0009448158671148121 43
1671201277792 0.0007755400147289038 44
1671201277873 0.0007089095888659358 45
1671201277953 0.0005765462992712855 46
1671201278033 0.0004929221468046308 47
1671201278111 0.0004734500253107399 48
1671201278191 0.0005403679679147899 49
1671201278272 0.000605431036092341 50
1671201278352 0.0006647075642831624 51
1671201278432 0.00044013705337420106 52
1671201278513 0.0006234078900888562 53
1671201278593 0.0007421039044857025 54
1671201278673 0.0007843599887564778 55
1671201278754 0.0007258176920004189 56
1671201278834 0.0005899439565837383 57
1671201278915 0.000604767759796232 58
1671201278996 0.00047934899339452386 59
